---
images/banner-med.jpg: 2014-12-26 15:40:37.795826535 -08:00
images/banner-large.jpg: 2014-12-26 15:40:37.812493325 -08:00
images/banner-xl2.jpg: 2014-12-26 15:40:37.832493474 -08:00
images/banner-small.jpg: 2014-12-18 14:37:14.515986675 -08:00
images/banner-xl.jpg: 2014-12-18 12:55:41.000000000 -08:00
